2.854613685000004
2.8568364739999197
2.8596336939999674
2.8596255580000616
2.846014865000143
2.849871151000116
2.8633719639999526
2.869063442999959
2.8738295480000033
2.881026694999946
2.88637801699997
2.8569957250001607
2.875225068999953
2.853453092999871
2.8812248189999536
2.879727537000008
2.8915325430000394
2.8989268520001588
2.8660598920000666
2.8824874629999613
2.8352157079998506
2.8521170679998704
2.872611289000133
2.889740735000032
2.8662880449999193
2.8776974709999195
2.875939709000022
2.867087798999819
2.869803604000026
2.8582067929999084
2.8717664369999056
2.8716721479997886
2.8816183869998895
2.8721537690000787
2.8744762279998213
2.876495193999972
2.8984630760000982
2.8720951160000823
2.838492030999987
2.8468263689999276
2.8664854709998053
2.8632131370000025
2.8761485069999253
2.873606824000035
2.87309089900009
2.897664230999908
2.8549804229999154
2.8545294650000415
2.8529379650001374
2.8735341400001744
2.8658885089998876
2.8964132549999704
2.8823504609999873
2.883870049000052
2.87591167100004
2.8976965759998166
2.8740343959998427
2.8671511059999375
2.8604528319999645
2.874428339000133
2.8818928200000755
2.877320535000081
2.874164402999895
2.8811355409998214
2.8787315889999263
2.8836978360000103
2.8804863639998075
2.872616436000044
2.872479103999922
2.8659664550000343
2.8694771379998656
2.886046824999994
2.876681184000063
2.8445722359999763
2.8411311550000846
2.8450689240000884
2.865393023000024
2.8651783100001467
2.868542945000172
2.873839619999899
2.8828167340000164
2.887201082000047
2.877357067000048
2.8340555560000666
2.8775852369999484
2.8788631899999473
2.8687661219998972
2.8697853180001403
2.869403942999952
2.882609508999849
2.8754639009998755
2.8299356939999143
2.913370857000018
2.893893586999866
2.870976927000129
2.8727880070000538
2.8691531179999856
2.8698037650001424
2.8829383589998088
2.8865305950000675
